206
260
351
356
367
385
410
420
457
459
486
513
558
561
564
569
591
593
597
617
727
749
773
777
786
798
826
833
854
876
914
932
947
1012
1108
1120
1125
1131
1147
1150
1155
1157
1159
1176
1184
1196
1201
1229
1246
1248
1264
1305
1313
1361
1389
1407
1408
1458
1465
1478
1484
1489
1496
1513
1516
1518
1545
1550
1552
1569
1574
1605
1616
1631
1657
1661
1684
1701
1713
1714
1804
1806
1808
1837
1849
1867
1880
1883
1909
1918
1923
1928
1934
1936
1938
1986
2005
2012
2014
2029
2058
2072
2087
2088
2089
2090
2129
2133
2156
2158
2167
2193
2225
2315
2356
2363
2403
2410
2439
2449
2463
2465
2505
2533
2547
2548
2589
2591
